sample1

4
20.0 20.0
14.0 20.0
16.0 27.0
18.0 6.0 

sample2

5
0.0 0.0
3.5 3.4
10.0 7.0
15.0 0.0
0.0 15.0

sample3

5
18.4 7.2
17.0 15.0 
8.0 4.0
23.0 15.8
9.65 2.38

exemple 4
5
0.0 27.0
0.0 0.0
40.0 40.0
11.4 5.14
30.0 -15.4

sample5

6
16.0 20.0
14.0 17.0
0.0 17.0
26.54 8.34
7.23 27.15
30.0 30.0

sample6

7
2.34 27.15 
31.2 25.17      
18.0 28.245     
6.9 20.653       
34.642 14.921  
31.7941 2.121  
40.12 7.44       

sample7

17
26.8 6.2
27.0 15.0 
3.0 10.2
19.23 15.8
9.65 2.38
30.0 24.94
17.0 23.0
3.0 27.0
18.0 0.0 
30.0 30.0
2.34 27.15 
31.2 25.17      
18.0 28.245     
6.9 20.653       
34.642 14.921  
31.7941 2.121  
40.12 7.44  

sample8
 
22
26.8 6.2
27.0 15.0 
3.0 10.2
19.23 15.8
9.65 2.38
30.0 24.94
17.0 23.0
3.0 27.0
18.0 0.0 
30.0 30.0
2.34 27.15 
31.2 25.17      
18.0 28.245     
6.9 20.653       
34.642 14.921  
31.7941 2.121  
40.12 7.44  
0.0 27.0
0.0 0.0
40.0 40.0
11.4 5.14
30.0 -15.4